image_width: 640
image_height: 480
camera_name: camera
camera_matrix:
  rows: 3
  cols: 3
  data: [670.4818168113046, 0, 338.5242997373824, 0, 673.3761032884905, 209.3174149235212, 0, 0, 1]
distortion_model: plumb_bob
distortion_coefficients:
  rows: 1
  cols: 5
  data: [-0.4543986594371665, 0.1596723986860131, 0.02084229672066063, -0.001473221332816457, 0]
rectification_matrix:
  rows: 3
  cols: 3
  data: [1, 0, 0, 0, 1, 0, 0, 0, 1]
projection_matrix:
  rows: 3
  cols: 4
  data: [590.3230590820312, 0, 343.1767270551318, 0, 0, 633.7701416015625, 211.8331387173566, 0, 0, 0, 1, 0]